58,1
58,3
109,35
0,465
0,408
0,273
0,270
3,2
3,1
3,3
10,2
10,1
10,3
11,2
11,1
11,3
9,2
9,1
9,3
8,2
8,1
8,3
12,2
12,1
12,3
20,2
20,1
20,3
19,2
19,1
19,3
108,5
108,4
18,1
108,3
108,2
18,3
108,1
108,0
105,3
105,2
105,1
14,1
105,0
14,3
104,4
13,1
104,3
104,2
13,3
104,1
104,0
103,5
103,4
103,3
103,2
103,1
103,0
102,4
102,3
102,2
102,1
102,0
101,3
101,2
101,1
101,0
99,4
2,2
99,3
2,1
99,2
99,1
2,3
99,0
0,0
109,34
109,33
109,32
109,31
109,30
109,29
109,28
109,27
109,26
109,25
109,24
109,23
109,22
109,21
109,20
109,19
109,18
109,17
109,16
109,15
109,14
109,13
109,12
109,11
109,10
